local library = loadstring(game:HttpGet("https://raw.githubusercontent.com/GreenDeno/Venyx-UI-Library/main/source.lua"))()
local venyx = library.new("Maximum Hub", 5013109572)

local themes = {
Background = Color3.fromRGB(24, 24, 24),
Glow = Color3.fromRGB(0, 0, 0),
Accent = Color3.fromRGB(10, 10, 10),
LightContrast = Color3.fromRGB(20, 20, 20),
DarkContrast = Color3.fromRGB(14, 14, 14),
TextColor = Color3.fromRGB(255, 255, 255)
}

local page = venyx:addPage("Main Menu", 1073830992)
local i = venyx:addPage("Misc", 23481010)
local H = venyx:addPage("Player", 7992557358)
local K = venyx:addPage("Teleport", 7626871475)
local J = venyx:addPage("Shop", 9006897360)
local E = venyx:addPage("Raid - Vision", 7407483146)
local E1 = venyx:addPage("Stats", 5917153832)
local theme = venyx:addPage("Setting GUI", 6942070576)

local placeId = game.PlaceId
if placeId == 2753915549 then
    OldWorld = true
elseif placeId == 4442272183 then
    NewWorld = true
elseif placeId == 7449423635 then
    ThreeWorld = true
end
StatsBypass = "NoBypassTP"
function CheckQuest()
    local MyLevel = game.Players.LocalPlayer.Data.Level.Value
    if OldWorld then
        if MyLevel == 1 or MyLevel <= 9 then -- Bandit
            Ms = "Bandit [Lv. 5]"
            NameQuest = "BanditQuest1"

            LevelQuest = 1
            NameMon = "Bandit"

            CFrameMon = CFrame.new(1145, 17, 1634)
            VectorMon = Vector3.new(1145, 17, 1634)

            CFrameQuest = CFrame.new(1060, 17, 1547)
            VectorQuest = Vector3.new(1060, 17, 1547)
        elseif MyLevel == 10 or MyLevel <= 14 then -- Monkey
            Ms = "Monkey [Lv. 14]"
            NameQuest = "JungleQuest"

            LevelQuest = 1
            NameMon = "Monkey"

            CFrameMon = CFrame.new(-1496, 39, 35)
            VectorMon = Vector3.new(-1496, 39, 35)

            CFrameQuest = CFrame.new(-1602, 37, 152)
            VectorQuest = Vector3.new(-1602, 37, 152)
        elseif MyLevel == 15 or MyLevel <= 29 then -- Gorilla
            Ms = "Gorilla [Lv. 20]"
            NameQuest = "JungleQuest"

            LevelQuest = 2
            NameMon = "Gorilla"

            CFrameMon = CFrame.new(-1237, 6, -486)
            VectorMon = Vector3.new(-1237, 7, -486)

            CFrameQuest = CFrame.new(-1602, 37, 152)
            VectorQuest = Vector3.new(-1602, 37, 152)
        elseif MyLevel == 30 or MyLevel <= 39 then -- Pirate
            Ms = "Pirate [Lv. 35]"
            NameQuest = "BuggyQuest1"

            LevelQuest = 1
            NameMon = "Pirate"

            CFrameMon = CFrame.new(-1115, 14, 3938)
            VectorMon = Vector3.new(-1115, 14, 3938)

            CFrameQuest = CFrame.new(-1140, 5, 3828)
            VectorQuest = Vector3.new(-1140, 5, 3828)
        elseif MyLevel == 40 or MyLevel <= 59 then -- Brute
            Ms = "Brute [Lv. 45]"
            NameQuest = "BuggyQuest1"

            LevelQuest = 2
            NameMon = "Brute"

            CFrameMon = CFrame.new(-1145, 15, 4350)
            VectorMon = Vector3.new(-1146, 15, 4350)

            CFrameQuest = CFrame.new(-1140, 5, 3828)
            VectorQuest = Vector3.new(-1140, 5, 3828)
        elseif MyLevel == 60 or MyLevel <= 74 then -- Desert Bandit
            Ms = "Desert Bandit [Lv. 60]"
            NameQuest = "DesertQuest"

            LevelQuest = 1
            NameMon = "Desert Bandit"

            CFrameMon = CFrame.new(932, 7, 4484)
            VectorMon = Vector3.new(932, 7, 4484)

            CFrameQuest = CFrame.new(897, 7, 4388)
            VectorQuest = Vector3.new(897, 7, 4388)
        elseif MyLevel == 75 or MyLevel <= 89 then -- Desert Officre
            Ms = "Desert Officer [Lv. 70]"
            NameQuest = "DesertQuest"

            LevelQuest = 2
            NameMon = "Desert Officer"

            CFrameMon = CFrame.new(1572, 10, 4373)
            VectorMon = Vector3.new(1572, 10, 4373)

            CFrameQuest = CFrame.new(897, 7, 4388)
            VectorQuest = Vector3.new(897, 7, 4388)
        elseif MyLevel == 90 or MyLevel <= 99 then -- Snow Bandits
            Ms = "Snow Bandit [Lv. 90]"
            NameQuest = "SnowQuest"

            LevelQuest = 1
            NameMon = "Snow Bandits"

            CFrameMon = CFrame.new(1289, 106, -1442)
            VectorMon = Vector3.new(1289, 106, -1442)

            CFrameQuest = CFrame.new(1386, 87, -1297)
            VectorQuest = Vector3.new(1386, 87, -1297)
        elseif MyLevel == 100 or MyLevel <= 119 then -- Snowman
            Ms = "Snowman [Lv. 100]"
            NameQuest = "SnowQuest"

            LevelQuest = 2
            NameMon = "Snowman"

            CFrameMon = CFrame.new(1289, 106, -1442)
            VectorMon = Vector3.new(1289, 106, -1442)

            CFrameQuest = CFrame.new(1386, 87, -1297)
            VectorQuest = Vector3.new(1386, 87, -1297)
        elseif MyLevel == 120 or MyLevel <= 149 then -- Chief Petty Officer
            Ms = "Chief Petty Officer [Lv. 120]"
            NameQuest = "MarineQuest2"

            LevelQuest = 1
            NameMon = "Chief Petty Officer"

            CFrameMon = CFrame.new(-4855, 23, 4308)
            VectorMon = Vector3.new(-4855, 23, 4308)

            CFrameQuest = CFrame.new(-5036, 29, 4325)
            VectorQuest = Vector3.new(-5036, 29, 4325)
        elseif MyLevel == 150 or MyLevel <= 174 then -- Sky Bandit
            Ms = "Sky Bandit [Lv. 150]"
            NameQuest = "SkyQuest"

            LevelQuest = 1
            NameMon = "Sky Bandit"

            CFrameMon = CFrame.new(-4981, 278, -2830)
            VectorMon = Vector3.new(-4981, 278, -2830)
            
            CFrameQuest = CFrame.new(-4842, 718, -2623)
            VectorQuest = Vector3.new(-4842, 718, -2623)
        elseif MyLevel == 175 or MyLevel <= 224 then -- Dark Master
            Ms = "Dark Master [Lv. 175]"
            NameQuest = "SkyQuest"

            LevelQuest = 2
            NameMon = "Dark Master"

            CFrameMon = CFrame.new(-5250, 389, -2272)
            VectorMon = Vector3.new(-5250, 389, -2272)

            CFrameQuest = CFrame.new(-4842, 718, -2623)
            VectorQuest = Vector3.new(-4842, 718, -2623)
        elseif MyLevel == 225 or MyLevel <= 274 then -- Toga Warrior
            Ms = "Toga Warrior [Lv. 225]"
            NameQuest = "ColosseumQuest"

            LevelQuest = 1
            NameMon = "Toga Warrior"

            CFrameMon = CFrame.new(-1770, 8, -2777)
            VectorMon = Vector3.new(-1770, 8, -2777)

            CFrameQuest = CFrame.new(-1576, 8, -2985)
            VectorQuest = Vector3.new(-1576, 8, -2985)
        elseif MyLevel == 275 or MyLevel <= 299 then -- Gladiato
            Ms = "Gladiator [Lv. 275]"
            NameQuest = "ColosseumQuest"

            LevelQuest = 2
            NameMon = "Gladiato"

            CFrameMon = CFrame.new(-1278, 8, -3240)
            VectorMon = Vector3.new(-1278, 8, -3240)

            CFrameQuest = CFrame.new(-1576, 8, -2985)
            VectorQuest = Vector3.new(-1576, 8, -2985)
        elseif MyLevel == 300 or MyLevel <= 329 then -- Military Soldier
            Ms = "Military Soldier [Lv. 300]"
            NameQuest = "MagmaQuest"

            LevelQuest = 1
            NameMon = "Military Soldier"

            CFrameMon = CFrame.new(-5408, 11, 8447)
            VectorMon = Vector3.new(-5408, 11, 8447)

            CFrameQuest = CFrame.new(-5316, 12, 8517)
            VectorQuest = Vector3.new(-5316, 12, 8517)
        elseif MyLevel == 300 or MyLevel <= 374 then -- Military Spy
            Ms = "Military Spy [Lv. 330]"
            NameQuest = "MagmaQuest"

            LevelQuest = 2
            NameMon = "Military Spy"

            CFrameMon = CFrame.new(-5815, 84, 8820)
            VectorMon = Vector3.new(-5815, 84, 8820)

            CFrameQuest = CFrame.new(-5316, 12, 8517)
            VectorQuest = Vector3.new(-5316, 12, 8517)
        elseif MyLevel == 375 or MyLevel <= 399 then -- Fishman Warrior
            Ms = "Fishman Warrior [Lv. 375]"
            NameQuest = "FishmanQuest"

            LevelQuest = 1
            NameMon = "Fishman Warrior"

            CFrameMon = CFrame.new(60859, 19, 1501)
            VectorMon = Vector3.new(60859, 19, 1501)

            CFrameQuest = CFrame.new(61123, 19, 1569)
            VectorQuest = Vector3.new(61123, 19, 1569)
        elseif MyLevel == 400 or MyLevel <= 449 then -- Fishman Commando
            Ms = "Fishman Commando [Lv. 400]"
            NameQuest = "FishmanQuest"

            LevelQuest = 2
            NameMon = "Fishman Commando"

            CFrameMon = CFrame.new(61891, 19, 1470)
            VectorMon = Vector3.new(61891, 19, 1470)

            CFrameQuest = CFrame.new(61123, 19, 1569)
            VectorQuest = Vector3.new(61123, 19, 1569)
        elseif MyLevel == 450 or MyLevel <= 474 then -- God's Guards
            Ms = "God's Guard [Lv. 450]"
            NameQuest = "SkyExp1Quest"

            LevelQuest = 1
            NameMon = "God's Guards"

            CFrameMon = CFrame.new(-4698, 845, -1912)
            VectorMon = Vector3.new(-4698, 845, -1912)

            CFrameQuest = CFrame.new(-4722, 845, -1954)
            VectorQuest = Vector3.new(-4722, 846, -1954)
        elseif MyLevel == 475 or MyLevel <= 524 then -- Shandas
            Ms = "Shanda [Lv. 475]"
            NameQuest = "SkyExp1Quest"

            LevelQuest = 2
            NameMon = "Shandas"

            CFrameMon = CFrame.new(-7685, 5567, -502)
            VectorMon = Vector3.new(-7685, 5567, -502)

            CFrameQuest = CFrame.new(-7862, 5546, -380)
            VectorQuest = Vector3.new(-7862, 5546, -380)
        elseif MyLevel == 525 or MyLevel <= 549 then -- Royal Squad
            Ms = "Royal Squad [Lv. 525]"
            NameQuest = "SkyExp2Quest"

            LevelQuest = 1
            NameMon = "Royal Squad"

            CFrameMon = CFrame.new(-7670, 5607, -1460)
            VectorMon = Vector3.new(-7670, 5607, -1460)

            CFrameQuest = CFrame.new(-7904, 5636, -1412)
            VectorQuest = Vector3.new(-7904, 5636, -1412)
        elseif MyLevel == 550 or MyLevel <= 624 then -- Royal Soldier
            Ms = "Royal Soldier [Lv. 550]"
            NameQuest = "SkyExp2Quest"

            LevelQuest = 2
            NameMon = "Royal Soldier"

            CFrameMon = CFrame.new(-7828, 5607, -1744)
            VectorMon = Vector3.new(-7828, 5607, -1744)

            CFrameQuest = CFrame.new(-7904, 5636, -1412)
            VectorQuest = Vector3.new(-7904, 5636, -1412)
        elseif MyLevel == 625 or MyLevel <= 649 then -- Galley Pirate
            Ms = "Galley Pirate [Lv. 625]"
            NameQuest = "FountainQuest"

            LevelQuest = 1
            NameMon = "Galley Pirate"

            CFrameMon = CFrame.new(5589, 45, 3996)
            VectorMon = Vector3.new(5589, 45, 3996)

            CFrameQuest = CFrame.new(5256, 39, 4050)
            VectorQuest = Vector3.new(5256, 39, 4050)
        elseif MyLevel >= 650 then -- Galley Captain
            Ms = "Galley Captain [Lv. 650]"
            NameQuest = "FountainQuest"

            LevelQuest = 2
            NameMon = "Galley Captain"

            CFrameMon = CFrame.new(5649, 39, 4936)
            VectorMon = Vector3.new(5649, 39, 4936)

            CFrameQuest = CFrame.new(5256, 39, 4050)
            VectorQuest = Vector3.new(5256, 39, 4050)
        end
    end
    if NewWorld then
        if MyLevel == 700 or MyLevel <= 724 then -- Raider [Lv. 700]
            Ms = "Raider [Lv. 700]"
            NameQuest = "Area1Quest"

            LevelQuest = 1
            NameMon = "Raider"

            CFrameQuest = CFrame.new(-425, 73, 1837)
            VectorQuest = Vector3.new(-425, 73, 1837)

            CFrameMon = CFrame.new(-746, 39, 2390)
            VectorMon = Vector3.new(-746, 39, 2389)
        elseif MyLevel == 725 or MyLevel <= 774 then -- Mercenary [Lv. 725]
            Ms = "Mercenary [Lv. 725]"
            NameQuest = "Area1Quest"

            LevelQuest = 2
            NameMon = "Mercenary"

            CFrameQuest = CFrame.new(-425, 73, 1837)
            VectorQuest = Vector3.new(-425, 73, 1837)

            CFrameMon = CFrame.new(-874, 141, 1312)
            VectorMon = Vector3.new(-874, 141, 1312)
        elseif MyLevel == 775 or MyLevel <= 799 then -- Swan Pirate [Lv. 775]
            Ms = "Swan Pirate [Lv. 775]"
            NameQuest = "Area2Quest"

            LevelQuest = 1
            NameMon = "Swan Pirate"

            CFrameQuest = CFrame.new(634, 73, 918)
            VectorQuest = Vector3.new(634, 73, 918)

            CFrameMon = CFrame.new(878, 122, 1235)
            VectorMon = Vector3.new(878, 122, 1235)
        elseif MyLevel == 800 or MyLevel <= 874 then -- Factory Staff [Lv. 800]
            Ms = "Factory Staff [Lv. 800]"
            NameQuest = "Area2Quest"

            LevelQuest = 2
            NameMon = "Factory Staff"

            CFrameQuest = CFrame.new(634, 73, 918)
            VectorQuest = Vector3.new(634, 73, 918)
            
            CFrameMon = CFrame.new(295, 73, -56)
            VectorMon = Vector3.new(295, 73, -56)
        elseif MyLevel == 875 or MyLevel <= 899 then -- Marine Lieutenant [Lv. 875]
            Ms = "Marine Lieutenant [Lv. 875]"
            NameQuest = "MarineQuest3"

            LevelQuest = 1
            NameMon = "Marine Lieutenant"

            CFrameMon = CFrame.new(-2806, 73, -3038)
            VectorMon = Vector3.new(-2806, 73, -3038)

            CFrameQuest = CFrame.new(-2443, 73, -3219)
            VectorQuest = Vector3.new(-2443, 73, -3219)
        elseif MyLevel == 900 or MyLevel <= 949 then -- Marine Captain [Lv. 900]
            Ms = "Marine Captain [Lv. 900]"
            NameQuest = "MarineQuest3"

            LevelQuest = 2
            NameMon = "Marine Captain"

            CFrameMon = CFrame.new(-1869, 73, -3320)
            VectorMon = Vector3.new(-1869, 73, -3320)

            CFrameQuest = CFrame.new(-2443, 73, -3219)
            VectorQuest = Vector3.new(-2443, 73, -3219)
        elseif MyLevel == 950 or MyLevel <= 974 then -- Zombie [Lv. 950]
            Ms = "Zombie [Lv. 950]"
            NameQuest = "ZombieQuest"

            LevelQuest = 1
            NameMon = "Zombie"

            CFrameMon = CFrame.new(-5736, 126, -728)
            VectorMon = Vector3.new(-5736, 126, -728)

            CFrameQuest = CFrame.new(-5494, 49, -795)
            VectorQuest = Vector3.new(-5494, 49, -794)
        elseif MyLevel == 975 or MyLevel <= 999 then -- Vampire [Lv. 975]
            Ms = "Vampire [Lv. 975]"
            NameQuest = "ZombieQuest"

            LevelQuest = 2
            NameMon = "Vampire"

            CFrameMon = CFrame.new(-6033, 7, -1317)
            VectorMon = Vector3.new(-6033, 7, -1317)

            CFrameQuest = CFrame.new(-5494, 49, -795)
            VectorQuest = Vector3.new(-5494, 49, -795)
        elseif MyLevel == 1000 or MyLevel <= 1049 then -- Snow Trooper [Lv. 1000] **
            Ms = "Snow Trooper [Lv. 1000]"
            NameQuest = "SnowMountainQuest"

            LevelQuest = 1
            NameMon = "Snow Trooper"

            CFrameMon = CFrame.new(478, 402, -5362)
            VectorMon = Vector3.new(478, 402, -5362)

            CFrameQuest = CFrame.new(605, 402, -5371)
            VectorQuest = Vector3.new(605, 402, -5371)
        elseif MyLevel == 1050 or MyLevel <= 1099 then -- Winter Warrior [Lv. 1050]
            Ms = "Winter Warrior [Lv. 1050]"
            NameQuest = "SnowMountainQuest"

            LevelQuest = 2
            NameMon = "Winter Warrior"

            CFrameMon = CFrame.new(1157, 430, -5188)
            VectorMon = Vector3.new(1157, 430, -5188)

            CFrameQuest = CFrame.new(605, 402, -5371)
            VectorQuest = Vector3.new(605, 402, -5371)
        elseif MyLevel == 1100 or MyLevel <= 1124 then -- Lab Subordinate [Lv. 1100]
            Ms = "Lab Subordinate [Lv. 1100]"
            NameQuest = "IceSideQuest"

            LevelQuest = 1
            NameMon = "Lab Subordinate"

            CFrameMon = CFrame.new(-5782, 42, -4484)
            VectorMon = Vector3.new(-5782, 42, -4484)

            CFrameQuest = CFrame.new(-6060, 16, -4905)
            VectorQuest = Vector3.new(-6060, 16, -4905)
        elseif MyLevel == 1125 or MyLevel <= 1174 then -- Horned Warrior [Lv. 1125]
            Ms = "Horned Warrior [Lv. 1125]"
            NameQuest = "IceSideQuest"

            LevelQuest = 2
            NameMon = "Horned Warrior"

            CFrameMon = CFrame.new(-6406, 24, -5805)
            VectorMon = Vector3.new(-6406, 24, -5805)

            CFrameQuest = CFrame.new(-6060, 16, -4905)
            VectorQuest = Vector3.new(-6060, 16, -4905)
        elseif MyLevel == 1175 or MyLevel <= 1199 then -- Magma Ninja [Lv. 1175]
            Ms = "Magma Ninja [Lv. 1175]"
            NameQuest = "FireSideQuest"
            LevelQuest = 1
            NameMon = "Magma Ninja"

            CFrameMon = CFrame.new(-5428, 78, -5959)
            VectorMon = Vector3.new(-5428, 78, -5959)

            CFrameQuest = CFrame.new(-5430, 16, -5295)
            VectorQuest = Vector3.new(-5430, 16, -5296)
        elseif MyLevel == 1200 or MyLevel <= 1249 then -- Lava Pirate [Lv. 1200]
            Ms = "Lava Pirate [Lv. 1200]"
            NameQuest = "FireSideQuest"

            LevelQuest = 2
            NameMon = "Lava Pirate"

            CFrameMon = CFrame.new(-5270, 42, -4800)
            VectorMon = Vector3.new(-5270, 42, -4800)

            CFrameQuest = CFrame.new(-5430, 16, -5295)
            VectorQuest = Vector3.new(-5430, 16, -5296)
        elseif MyLevel == 1250 or MyLevel <= 1274 then -- Ship Deckhand [Lv. 1250]
            Ms = "Ship Deckhand [Lv. 1250]"
            NameQuest = "ShipQuest1"

            LevelQuest = 1
            NameMon = "Ship Deckhand"

            CFrameMon = CFrame.new(1198, 126, 33031)
            VectorMon = Vector3.new(1198, 126, 33031)

            CFrameQuest = CFrame.new(1038, 125, 32913)
            VectorQuest = Vector3.new(1038, 125, 32913)
        elseif MyLevel == 1275 or MyLevel <= 1299 then -- Ship Engineer [Lv. 1275]
            Ms = "Ship Engineer [Lv. 1275]"
            NameQuest = "ShipQuest1"

            LevelQuest = 2
            NameMon = "Ship Engineer"

            CFrameMon = CFrame.new(918, 44, 32787)
            VectorMon = Vector3.new(918, 44, 32787)

            CFrameQuest = CFrame.new(1038, 125, 32913)
            VectorQuest = Vector3.new(1038, 125, 32913)
        elseif MyLevel == 1300 or MyLevel <= 1324 then -- Ship Steward [Lv. 1300]
            Ms = "Ship Steward [Lv. 1300]"
            NameQuest = "ShipQuest2"

            LevelQuest = 1
            NameMon = "Ship Steward"

            CFrameMon = CFrame.new(915, 130, 33419)
            VectorMon = Vector3.new(915, 130, 33419)

            CFrameQuest = CFrame.new(969, 125, 33245)
            VectorQuest = Vector3.new(969, 125, 33245)
        elseif MyLevel == 1325 or MyLevel <= 1349 then -- Ship Officer [Lv. 1325]
            Ms = "Ship Officer [Lv. 1325]"
            NameQuest = "ShipQuest2"

            LevelQuest = 2
            NameMon = "Ship Officer"

            CFrameMon = CFrame.new(916, 181, 33335)
            VectorMon = Vector3.new(916, 181, 33335)

            CFrameQuest = CFrame.new(969, 125, 33245)
            VectorQuest = Vector3.new(969, 125, 33245)
        elseif MyLevel == 1350 or MyLevel <= 1374 then -- Arctic Warrior [Lv. 1350]
            Ms = "Arctic Warrior [Lv. 1350]"
            NameQuest = "FrostQuest"

            LevelQuest = 1
            NameMon = "Arctic Warrior"

            CFrameMon = CFrame.new(6038, 29, -6231)
            VectorMon = Vector3.new(6038, 29, -6231)

            VectorQuest = Vector3.new(5669, 28, -6482)
            CFrameQuest = CFrame.new(5669, 28, -6482)
        elseif MyLevel == 1375 or MyLevel <= 1424 then -- Snow Lurker [Lv. 1375]
            Ms = "Snow Lurker [Lv. 1375]"
            NameQuest = "FrostQuest"

            LevelQuest = 2
            NameMon = "Snow Lurker"

            CFrameMon = CFrame.new(5560, 42, -6826)
            VectorMon = Vector3.new(5560, 42, -6826)

            VectorQuest = Vector3.new(5669, 28, -6482)
            CFrameQuest = CFrame.new(5669, 28, -6482)
        elseif MyLevel == 1425 or MyLevel <= 1449 then -- Sea Soldier [Lv. 1425]
            Ms = "Sea Soldier [Lv. 1425]"
            NameQuest = "ForgottenQuest"

            LevelQuest = 1
            NameMon = "Sea Soldier"

            CFrameMon = CFrame.new(-3022, 16, -9722)
            VectorMon = Vector3.new(-3022, 16, -9722)

            CFrameQuest = CFrame.new(-3054, 237, -10148)
            VectorQuest = Vector3.new(-3054, 237, -10148)
        elseif MyLevel >= 1450 then -- Water Fighter [Lv. 1450]
            Ms = "Water Fighter [Lv. 1450]"
            NameQuest = "ForgottenQuest"

            LevelQuest = 2
            NameMon = "Water Fighter"

            CFrameMon = CFrame.new(-3385, 239, -10542)
            VectorMon = Vector3.new(-3385, 239, -10542)

            CFrameQuest = CFrame.new(-3054, 237, -10148)
            VectorQuest = Vector3.new(-3054, 237, -10148)
        end
    end
    if ThreeWorld then
        if MyLevel == 1500 or MyLevel <= 1524 then
            Ms = "Pirate Millionaire [Lv. 1500]"
            NameQuest = "PiratePortQuest"

            LevelQuest = 1
            NameMon = "Pirate"

            CFrameMon = CFrame.new(-373, 75, 5550)
            VectorMon = Vector3.new(-373, 75, 5550)
                
            CFrameQuest = CFrame.new(-288, 44, 5576)
            VectorQuest = Vector3.new(-288, 44, 5576)
        elseif MyLevel == 1525 or MyLevel <= 1574 then
            Ms = "Pistol Billionaire [Lv. 1525]"
            NameQuest = "PiratePortQuest"

            LevelQuest = 2
            NameMon = "Pistol"

            CFrameMon = CFrame.new(-469, 74, 5904)
            VectorMon = Vector3.new(-469, 74, 5904)
            
            CFrameQuest = CFrame.new(-288, 44, 5576)
            VectorQuest = Vector3.new(-288, 44, 5576)
        elseif MyLevel == 1575 or MyLevel <= 1599 then
            Ms = "Dragon Crew Warrior [Lv. 1575]"
            NameQuest = "AmazonQuest"

            LevelQuest = 1
            NameMon = "Warrior"

            CFrameMon = CFrame.new(6339, 52, -1213)
            VectorMon = Vector3.new(6338, 52, -1213)

            CFrameQuest = CFrame.new(5835, 52, -1105)
            VectorQuest = Vector3.new(5835, 52, -1105)
        elseif MyLevel == 1600 or MyLevel <= 1624 then
            Ms = "Dragon Crew Archer [Lv. 1600]"
            NameQuest = "AmazonQuest"

            LevelQuest = 2
            NameMon = "Archer"

            CFrameMon = CFrame.new(6594, 383, 139)
            VectorMon = Vector3.new(6594, 383, 139)

            CFrameQuest = CFrame.new(5835, 52, -1105)
            VectorQuest = Vector3.new(5835, 52, -1105)
        elseif MyLevel == 1625 or MyLevel <= 1649 then
            Ms = "Female Islander [Lv. 1625]"
            NameQuest = "AmazonQuest2"

            LevelQuest = 1
            NameMon = "Female"

            CFrameMon = CFrame.new(5308, 819, 1047)
            VectorMon = Vector3.new(5308, 819, 1047)

            CFrameQuest = CFrame.new(5443, 602, 751)
            VectorQuest = Vector3.new(5443, 602, 751)
        elseif MyLevel == 1650 or MyLevel <= 1699 then
            Ms = "Giant Islander [Lv. 1650]"
            NameQuest = "AmazonQuest2"

            LevelQuest = 2
            NameMon = "Giant Islanders"

            CFrameMon = CFrame.new(4951, 602, -68)
            VectorMon = Vector3.new(4951, 602, -68)

            CFrameQuest = CFrame.new(5443, 602, 751)
            VectorQuest = Vector3.new(5443, 602, 751)
        elseif MyLevel == 1700 or MyLevel <= 1724 then
            Ms = "Marine Commodore [Lv. 1700]"
            NameQuest = "MarineTreeIsland"

            LevelQuest = 1
            NameMon = "Marine Commodore"

            CFrameMon = CFrame.new(2447, 73, -7470)
            VectorMon = Vector3.new(2447, 73, -7470)

            CFrameQuest = CFrame.new(2180, 29, -6737)
            VectorQuest = Vector3.new(2180, 29, -6737)
        elseif MyLevel == 1725 or MyLevel <= 1774 then
            Ms = "Marine Rear Admiral [Lv. 1725]"
            NameQuest = "MarineTreeIsland"

            LevelQuest = 2
            NameMon = "Marine Rear Admiral"

            CFrameMon = CFrame.new(3671, 161, -6932)
            VectorMon = Vector3.new(3671, 161, -6932)

            CFrameQuest = CFrame.new(2180, 29, -6737)
            VectorQuest = Vector3.new(2180, 29, -6737)
        elseif MyLevel == 1775 or MyLevel <= 1800 then
            Ms = "Fishman Raider [Lv. 1775]"
            NameQuest = "DeepForestIsland3"

            LevelQuest = 1
            NameMon = "Fishman Raider"

            CFrameMon = CFrame.new(-10560, 332, -8466)
            VectorMon = Vector3.new(-10560, 332, -8466)

            CFrameQuest = CFrame.new(-10584, 332, -8758)
            VectorQuest = Vector3.new(-10584, 332, -8758)
        elseif MyLevel == 1800 or MyLevel <= 1824 then
            Ms = "Fishman Captain [Lv. 1800]"
            NameQuest = "DeepForestIsland3"

            LevelQuest = 2
            NameMon = "Fishman Captain"

            CFrameMon = CFrame.new(-10993, 332, -8940)
            VectorMon = Vector3.new(-10993, 332, -8940)

            CFrameQuest = CFrame.new(-10584, 332, -8758)
            VectorQuest = Vector3.new(-10584, 332, -8758)
        elseif MyLevel == 1825 or MyLevel <= 1849 then
            Ms = "Forest Pirate [Lv. 1825]"
            NameQuest = "DeepForestIsland"

            LevelQuest = 1
            NameMon = "Forest Pirate"

            CFrameMon = CFrame.new(-13479, 333, -7905)
            VectorMon = Vector3.new(-13479, 333, -7905)

            CFrameQuest = CFrame.new(-13232, 333, -7627)
            VectorQuest = Vector3.new(-13232, 333, -7627)
        elseif MyLevel == 1850 or MyLevel <= 1899 then
            Ms = "Mythological Pirate [Lv. 1850]"
            NameQuest = "DeepForestIsland"

            LevelQuest = 2
            NameMon = "Mythological Pirate"

            CFrameMon = CFrame.new(-13545, 470, -6917)
            VectorMon = Vector3.new(-13545, 470, -6917)

            CFrameQuest = CFrame.new(-13232, 333, -7627)
            VectorQuest = Vector3.new(-13232, 333, -7627)
        elseif MyLevel == 1900 or MyLevel <= 1924 then
            Ms = "Jungle Pirate [Lv. 1900]"
            NameQuest = "DeepForestIsland2"

            LevelQuest = 1
            NameMon = "Jungle Pirate"

            CFrameMon = CFrame.new(-12107, 332, -10549)
            VectorMon = Vector3.new(-12106, 332, -10549)

            CFrameQuest = CFrame.new(-12684, 391, -9902)
            VectorQuest = Vector3.new(-12684, 391, -9902)
        elseif MyLevel == 1925 or MyLevel <= 1974 then
            Ms = "Musketeer Pirate [Lv. 1925]"
            NameQuest = "DeepForestIsland2"

            LevelQuest = 2
            NameMon = "Musketeer Pirate"

            CFrameMon = CFrame.new(-13286, 392, -9769)
            VectorMon = Vector3.new(-13286, 392, -9768)

            CFrameQuest = CFrame.new(-12684, 391, -9902)
            VectorQuest = Vector3.new(-12684, 391, -9902)
        elseif MyLevel == 1975 or MyLevel <= 1999 then
            Ms = "Reborn Skeleton [Lv. 1975]"
            NameQuest = "HauntedQuest1"

            LevelQuest = 1
            NameMon = "Reborn Skeleton"

            CFrameMon = CFrame.new(-8760, 142, 6039)
            VectorMon = Vector3.new(-8760, 142, 6039)

            CFrameQuest = CFrame.new(-9482, 142, 5567)
            VectorQuest = Vector3.new(-9482, 142, 5567)
        elseif MyLevel == 2000 or MyLevel <= 2024 then
            Ms = "Living Zombie [Lv. 2000]"
            NameQuest = "HauntedQuest1"

            LevelQuest = 2
            NameMon = "Living Zombie"

            CFrameMon = CFrame.new(-10144, 140, 5932)
            VectorMon = Vector3.new(-10144, 140, 5932)

            CFrameQuest = CFrame.new(-9482, 142, 5567)
            VectorQuest = Vector3.new(-9482, 142, 5567)
        elseif MyLevel == 2025 or MyLevel <= 2049 then
            Ms = "Demonic Soul [Lv. 2025]"
            NameQuest = "HauntedQuest2"

            LevelQuest = 1
            NameMon = "Demonic Soul"

            CFrameMon = CFrame.new(-9507, 172, 6158)
            VectorMon = Vector3.new(-9506, 172, 6158)

            CFrameQuest = CFrame.new(-9513, 172, 6079)
            VectorQuest = Vector3.new(-9513, 172, 6079)
        elseif MyLevel == 2050 or MyLevel <= 2074 then
            Ms = "Posessed Mummy [Lv. 2050]"
            NameQuest = "HauntedQuest2"

            LevelQuest = 2
            NameMon = "Posessed Mummy"

            CFrameMon = CFrame.new(-9577, 6, 6223)
            VectorMon = Vector3.new(-9577, 6, 6223)

            CFrameQuest = CFrame.new(-9513, 172, 6079)
            VectorQuest = Vector3.new(-9513, 172, 6079)

        elseif MyLevel == 2075 or MyLevel <= 2099 then
            Ms = "Peanut Scout [Lv. 2075]"
            NameQuest = "NutsIslandQuest"

            LevelQuest = 1
            NameMon = "Peanut Scout"

            CFrameMon = CFrame.new(-2124, 123, -10435)
            VectorMon = Vector3.new(-2124, 123, -10435)

            CFrameQuest = CFrame.new(-2104, 38, -10192)
            VectorQuest = Vector3.new(-2104, 38, -10192)
        elseif MyLevel == 2100 or MyLevel <= 2124 then
            Ms = "Peanut President [Lv. 2100]"
            NameQuest = "NutsIslandQuest"

            LevelQuest = 2
            NameMon = "Peanut President"

            CFrameMon = CFrame.new(-2124, 123, -10435)
            VectorMon = Vector3.new(-2124, 123, -10435)

            CFrameQuest = CFrame.new(-2104, 38, -10192)
            VectorQuest = Vector3.new(-2104, 38, -10192)
        elseif MyLevel == 2125 or MyLevel <= 2149 then
            Ms = "Ice Cream Chef [Lv. 2125]"
            NameQuest = "IceCreamIslandQuest"

            LevelQuest = 1
            NameMon = "Ice Cream Chef"

            CFrameMon = CFrame.new(-641, 127, -11062)
            VectorMon = Vector3.new(-641, 127, -11062)

            CFrameQuest = CFrame.new(-822, 66, -10965)
            VectorQuest = Vector3.new(-822, 66, -10965)
        elseif MyLevel >= 2150 then
            Ms = "Ice Cream Commander [Lv. 2150]"
            NameQuest = "IceCreamIslandQuest"

            LevelQuest = 2
            NameMon = "Ice Cream Commander"

            CFrameMon = CFrame.new(-641, 127, -11062)
            VectorMon = Vector3.new(-641, 127, -11062)

            CFrameQuest = CFrame.new(-822, 66, -10965)
            VectorQuest = Vector3.new(-822, 66, -10965)
        end
    end
end
CheckQuest()

SelectBoss = ""
function CheckQuestBoss()
    -- Old World
    if SelectBoss == "Saber Expert [Lv. 200] [Boss]" then
        MsBoss = "Saber Expert [Lv. 200] [Boss]"
        NameQuestBoss = ""
        LevelQuestBoss = 3
        NameBoss = ""
        CFrameQuestBoss = CFrame.new(-1458.89502, 29.8870335, -50.633564)
        CFrameBoss = CFrame.new(-1458.89502, 29.8870335, -50.633564, 0.858821094, 1.13848939e-08, 0.512275636, -4.85649254e-09, 1, -1.40823326e-08, -0.512275636, 9.6063415e-09, 0.858821094)
    elseif SelectBoss == "The Saw [Lv. 100] [Boss]" then
        MsBoss = "The Saw [Lv. 100] [Boss]"
        NameQuestBoss = ""
        LevelQuestBoss = 3
        NameBoss = ""
        CFrameQuestBoss = CFrame.new(-683.519897, 13.8534927, 1610.87854)
        CFrameBoss = CFrame.new(-683.519897, 13.8534927, 1610.87854, -0.290192783, 6.88365773e-08, 0.956968188, 6.98413629e-08, 1, -5.07531119e-08, -0.956968188, 5.21077759e-08, -0.290192783)
    elseif SelectBoss == "Greybeard [Lv. 750] [Raid Boss]" then
        MsBoss = "Greybeard [Lv. 750] [Raid Boss]"
        NameQuestBoss = ""
        LevelQuestBoss = 3
        NameBoss = ""
        CFrameQuestBoss = CFrame.new(-4955.72949, 80.8163834, 4305.82666)
        CFrameBoss = CFrame.new(-4955.72949, 80.8163834, 4305.82666, -0.433646321, -1.03394289e-08, 0.901083171, -3.0443168e-08, 1, -3.17633075e-09, -0.901083171, -2.88092288e-08, -0.433646321)
    elseif SelectBoss == "Mob Leader [Lv. 120] [Boss]" then
        MsBoss = "Mob Leader [Lv. 120] [Boss]"
        NameQuestBoss = ""
        LevelQuestBoss = 3
        NameBoss = ""
        CFrameQuestBoss = CFrame.new(-2848.59399, 7.4272871, 5342.44043)
        CFrameBoss = CFrame.new(-2848.59399, 7.4272871, 5342.44043, -0.928248107, -8.7248246e-08, 0.371961564, -7.61816636e-08, 1, 4.44474857e-08, -0.371961564, 1.29216433e-08, -0.92824)
    
    elseif SelectBoss == "The Gorilla King [Lv. 25] [Boss]" then
        MsBoss = "The Gorilla King [Lv. 25] [Boss]"
        NameQuestBoss = "JungleQuest"
        LevelQuestBoss = 3
        NameBoss = "The Gorilla King"
        CFrameQuestBoss = CFrame.new(-1604.12012, 36.8521118, 154.23732, 0.0648873374, -4.70858913e-06, -0.997892559, 1.41431883e-07, 1, -4.70933674e-06, 0.997892559, 1.64442184e-07, 0.0648873374)
        CFrameBoss = CFrame.new(-1223.52808, 6.27936459, -502.292664, 0.310949147, -5.66602516e-08, 0.950426519, -3.37275488e-08, 1, 7.06501808e-08, -0.950426519, -5.40241736e-08, 0.310949147)
    elseif SelectBoss == "Bobby [Lv. 55] [Boss]" then
        MsBoss = "Bobby [Lv. 55] [Boss]"
        NameQuestBoss = "BuggyQuest1"
        LevelQuestBoss = 3
        NameBoss = "Bobby"
        CFrameQuestBoss = CFrame.new(-1139.59717, 4.75205183, 3825.16211, -0.959730506, -7.5857054e-09, 0.280922383, -4.06310328e-08, 1, -1.11807175e-07, -0.280922383, -1.18718916e-07, -0.959730506)
        CFrameBoss = CFrame.new(-1147.65173, 32.5966301, 4156.02588, 0.956680477, -1.77109952e-10, -0.29113996, 5.16530874e-10, 1, 1.08897802e-09, 0.29113996, -1.19218679e-09, 0.956680477)
    elseif SelectBoss == "Yeti [Lv. 110] [Boss]" then
        MsBoss = "Yeti [Lv. 110] [Boss]"
        NameQuestBoss = "SnowQuest"
        LevelQuestBoss = 3
        NameBoss = "Yeti"
        CFrameQuestBoss = CFrame.new(1384.90247, 87.3078308, -1296.6825, 0.280209213, 2.72035177e-08, -0.959938943, -6.75690828e-08, 1, 8.6151708e-09, 0.959938943, 6.24481444e-08, 0.280209213)
        CFrameBoss = CFrame.new(1221.7356, 138.046906, -1488.84082, 0.349343032, -9.49245944e-08, 0.936994851, 6.29478194e-08, 1, 7.7838429e-08, -0.936994851, 3.17894653e-08, 0.349343032)
    elseif SelectBoss == "Vice Admiral [Lv. 130] [Boss]" then
        MsBoss = "Vice Admiral [Lv. 130] [Boss]"
        NameQuestBoss = "MarineQuest2"
        LevelQuestBoss = 2
        NameBoss = "Vice Admiral"
        CFrameQuestBoss = CFrame.new(-5035.42285, 28.6520386, 4324.50293, -0.0611100644, -8.08395768e-08, 0.998130739, -1.57416586e-08, 1, 8.00271849e-08, -0.998130739, -1.08217701e-08, -0.0611100644)
        CFrameBoss = CFrame.new(-5078.45898, 99.6520691, 4402.1665, -0.555574954, -9.88630566e-11, 0.831466436, -6.35508286e-08, 1, -4.23449258e-08, -0.831466436, -7.63661632e-08, -0.555574954)
    elseif SelectBoss == "Warden [Lv. 175] [Boss]" then
        MsBoss = "Warden [Lv. 175] [Boss]"
        NameQuestBoss = "ImpelQuest"
        LevelQuestBoss = 1
        NameBoss = "Warden"
        CFrameQuestBoss = CFrame.new(4851.35059, 5.68744135, 743.251282, -0.538484037, -6.68303741e-08, -0.842635691, 1.38001752e-08, 1, -8.81300792e-08, 0.842635691, -5.90851599e-08, -0.538484037)
        CFrameBoss = CFrame.new(5232.5625, 5.26856995, 747.506897, 0.943829298, -4.5439414e-08, 0.330433697, 3.47818627e-08, 1, 3.81658154e-08, -0.330433697, -2.45289105e-08, 0.943829298)
    elseif SelectBoss == "Chief Warden [Lv. 200] [Boss]" then
        MsBoss = "Chief Warden [Lv. 200] [Boss]"
        NameQuestBoss = "ImpelQuest"
        LevelQuestBoss = 2
        NameBoss = "Chief Warden"
        CFrameQuestBoss = CFrame.new(4851.35059, 5.68744135, 743.251282, -0.538484037, -6.68303741e-08, -0.842635691, 1.38001752e-08, 1, -8.81300792e-08, 0.842635691, -5.90851599e-08, -0.538484037)
        CFrameBoss = CFrame.new(5232.5625, 5.26856995, 747.506897, 0.943829298, -4.5439414e-08, 0.330433697, 3.47818627e-08, 1, 3.81658154e-08, -0.330433697, -2.45289105e-08, 0.943829298)
    elseif SelectBoss == "Swan [Lv. 225] [Boss]" then
        MsBoss = "Swan [Lv. 225] [Boss]"
        NameQuestBoss = "ImpelQuest"
        LevelQuestBoss = 3
        NameBoss = "Swan"
        CFrameQuestBoss = CFrame.new(4851.35059, 5.68744135, 743.251282, -0.538484037, -6.68303741e-08, -0.842635691, 1.38001752e-08, 1, -8.81300792e-08, 0.842635691, -5.90851599e-08, -0.538484037)
        CFrameBoss = CFrame.new(5232.5625, 5.26856995, 747.506897, 0.943829298, -4.5439414e-08, 0.330433697, 3.47818627e-08, 1, 3.81658154e-08, -0.330433697, -2.45289105e-08, 0.943829298)
    elseif SelectBoss == "Magma Admiral [Lv. 350] [Boss]" then
        MsBoss = "Magma Admiral [Lv. 350] [Boss]"
        NameQuestBoss = "MagmaQuest"
        LevelQuestBoss = 3
        NameBoss = "Magma Admiral"
        CFrameQuestBoss = CFrame.new(-5317.07666, 12.2721891, 8517.41699, 0.51175487, -2.65508806e-08, -0.859131515, -3.91131572e-08, 1, -5.42026761e-08, 0.859131515, 6.13418294e-08, 0.51175487)
        CFrameBoss = CFrame.new(-5530.12646, 22.8769703, 8859.91309, 0.857838571, 2.23414389e-08, 0.513919294, 1.53689133e-08, 1, -6.91265853e-08, -0.513919294, 6.71978384e-08, 0.857838571)
    elseif SelectBoss == "Fishman Lord [Lv. 425] [Boss]" then
        MsBoss = "Fishman Lord [Lv. 425] [Boss]"
        NameQuestBoss = "FishmanQuest"
        LevelQuestBoss = 3
        NameBoss = "Fishman Lord"
        CFrameQuestBoss = CFrame.new(61123.0859, 18.5066795, 1570.18018, 0.927145958, 1.0624845e-07, 0.374700129, -6.98219367e-08, 1, -1.10790765e-07, -0.374700129, 7.65569368e-08, 0.927145958)
        CFrameBoss = CFrame.new(61351.7773, 31.0306778, 1113.31409, 0.999974668, 0, -0.00714713801, 0, 1.00000012, 0, 0.00714714266, 0, 0.999974549)
    elseif SelectBoss == "Wysper [Lv. 500] [Boss]" then
        MsBoss = "Wysper [Lv. 500] [Boss]"
        NameQuestBoss = "SkyExp1Quest"
        LevelQuestBoss = 3
        NameBoss = "Wysper"
        CFrameQuestBoss = CFrame.new(-7862.94629, 5545.52832, -379.833954, 0.462944925, 1.45838088e-08, -0.886386991, 1.0534996e-08, 1, 2.19553424e-08, 0.886386991, -1.95022007e-08, 0.462944925)
        CFrameBoss = CFrame.new(-7925.48389, 5550.76074, -636.178345, 0.716468513, -1.22915289e-09, 0.697619379, 3.37381434e-09, 1, -1.70304748e-09, -0.697619379, 3.57381835e-09, 0.716468513)
    elseif SelectBoss == "Thunder God [Lv. 575] [Boss]" then
        MsBoss = "Thunder God [Lv. 575] [Boss]"
        NameQuestBoss = "SkyExp2Quest"
        LevelQuestBoss = 3
        NameBoss = "Thunder God"
        CFrameQuestBoss = CFrame.new(-7902.78613, 5635.99902, -1411.98706, -0.0361216255, -1.16895912e-07, 0.999347389, 1.44533963e-09, 1, 1.17024491e-07, -0.999347389, 5.6715117e-09, -0.0361216255)
        CFrameBoss = CFrame.new(-7917.53613, 5616.61377, -2277.78564, 0.965189934, 4.80563429e-08, -0.261550069, -6.73089886e-08, 1, -6.46515304e-08, 0.261550069, 8.00056768e-08, 0.965189934)
    elseif SelectBoss == "Cyborg [Lv. 675] [Boss]" then
        MsBoss = "Cyborg [Lv. 675] [Boss]"
        NameQuestBoss = "FountainQuest"
        LevelQuestBoss = 3
        NameBoss = "Cyborg"
        CFrameQuestBoss = CFrame.new(5253.54834, 38.5361786, 4050.45166, -0.0112687312, -9.93677887e-08, -0.999936521, 2.55291371e-10, 1, -9.93769547e-08, 0.999936521, -1.37512213e-09, -0.0112687312)
        CFrameBoss = CFrame.new(6041.82813, 52.7112198, 3907.45142, -0.563162148, 1.73805248e-09, -0.826346457, -5.94632716e-08, 1, 4.26280238e-08, 0.826346457, 7.31437524e-08, -0.563162148)
    
        -- New World
    elseif SelectBoss == "Don Swan [Lv. 1000] [Boss]" then
        MsBoss = "Don Swan [Lv. 1000] [Boss]"
        NameQuestBoss = ""
        LevelQuestBoss = 3
        NameBoss = "Don Swan"
        CFrameBoss = CFrame.new(2288.802, 15.1870775, 863.034607, 0.99974072, -8.41247214e-08, -0.0227668174, 8.4774733e-08, 1, 2.75850098e-08, 0.0227668174, -2.95079072e-08, 0.99974072)
